34144
1651104
279496
162184
336140
57816
1216380
6414210
2904000
0
6514520
1432981
0
142120
1809864
0
5759100
540270
0
0
0
0
2777040
11587200
0
0
0
10500
11118600
85425
10920
184960
271360
141960
750400
2414720
340704
36358
641130
2433600
9444864
597402
2402400
6027840
244608
4204200
122688
22464
2802800
362600
9172800
112112
7312032
0
9507960
4540536
16194745
3298680
5210170
1781787
5452920
4664880
1936836
991440
4768360
8316000
1412802
190740
1314797
4986360
25723980
1952748
5355720
174636
3313656
5058180
6178914
4580064
3549600
15785820
15642720
5797680
13638816
4287360
2865520
1664640
45560
11630640
8104320
2713600
13956768
114268
13522432
569664
4843520
6044940
741888
4636800
252747
666624
286272
61152
0
478632
149760
48048
1044576
0
8981847
2223936
5443200
6098785
4997510
32719995
9832735
1507840
109089
4440590
7152540
880380
1764070
1110780
415800
2982882
952740
3403004
2680818
436590
1808100
7659480
216804
6075036
17696040
11576268
4258656
10084840
11757600
20335536
12499520
3231360
1774080
9374640
10738224
225120
419760
90948
1356800
388080
4055040
4829440
57330
5644800
2389860
68796
119280
43956
1490580
4188030
63700
14586
202176
23660000
7953400
878592
1444352
611800
9995020
4300800
524400
3939840
15358365
60720
2743440
235773
110880
1292544
120600
1912680
277380
196560
765072
2089395
1636888
4729536
74760
5166000
6306048
3236376
14035428
91392
6292800
2701728
121856
3231360
15466464
100352
10738224
3104640
127232
101244
221760
4707584
2488320
460800
294224
13171200
2085440
189144
2624160
5098368
242424
1538460
1025640
42636
359424
25480000
774752
1132032
5695272
1796016
3712436
55552
3881712
829440
3809280
15284241
8111040
1940004
19159119
646272
205020
15402429
286626
2864250
21149604
2279340
206388
12085488
35600
13987952
7332768
4455880
4797000
3934656
16518600
12814956
1710720
4466880
900576
1900800
7478406
9097920
985600
6378372
5045040
2956800
622080
14636160
2439360
9408000
705600
792792
3363360
3500560
2265120
2744280
1507968
1044582
938496
5880000
2165760
1234944
235200
8933760
6586580
17085816
570240
3006720
130816
801900
571200
23569920
26730
836352
710424
11880
312294
389940
297000
3581820
726750
217800
10400
255528
5771700
10541960
12259104
10231650
3052350
11232000
4911192
9678240
11561319
12501216
10802142
350224
4717440
27832896
14826240
2116800
1290816
7796880
999600
3292800
32565456
142800
10570560
1111320
357000
1413720
9001440
2817206
4548096
5292000
7112448
1080576
434304
14224896
5045040
735000
3338496
2161080
0
2761472
85680
310688
986240
633600
17284608
400660
0
143520
661960
6049296
5849100
395200
228800
565250
2647840
4791800
1788696
6008560
1831410
0
8538480
10264800
9135360
14942340
2853396
11561319
14719320
0
640976
4490640
2187216
6462720
3160080
1293600
6713980
2889216
51267216
12793572
3064320
1373328
5278770
5137258
12507264
10054800
2369120
2633904
2373140
70720
875160
298584
168640
1414040
562500
101184
85680
0
29760
217800
743432
1413600
0
4051080
1436400
2798928
586560
11251800
1532960
261900
21941010
2764500
4522000
14550354
4530330
275184
1847664
769860
0
786240
3407040
3654144
1834560
0
2415798
1921920
2511248
97776
11771760
295680
6343040
27663636
10874864
5371184
6383916
686664
17833464
7165123
10943856
13214880
382800
628992
1923264
1052700
1312740
3400320
1397220
353510
401940
2384910
52920
871875
12401532
10454400
0
18226494
0
20444380
4244526
7230564
3789720
3344172
3602456
4301440
10032516
1600500
314280
9929088
4170780
0
48477312
720720
74256
8701056
2096640
0
9816576
0
2248704
3476704
5336402
1380456
3728032
399168
354438
16776144
2868096
13478960
13725936
374544
3364368
4240583
9896040
35868960
156492
2253888
85680
558900
1336608
2804760
0
0
4389504
0
508032
616770
0
5544000
1220625
0
0
0
3009600
6500204
12322640
1386000
969892
1684320
441000
82500
6121280
0
10794960
142560
0
406560
0
0
994560
19992
0
0
0
6638874
3857640
1194624
3373854
598752
898128
3373854
1890336
430389
3304290
561816
8883860
2572938
2670360
28894440
1967784
2039232
0
555016
2970240
20400
2448600
0
7323540
1432200
3838464
8969856
3427050
369600
4728570
2336625
17519250
455700
2928570
4019863
531805
283410
1520967
14916880
338400
115500
497640
90240
17511824
26321504
59520
1068672
164736
317440
923520
0
55552
0
109956
124992
3288480
776736
106848
308448
1742976
373968
1500576
1496880
2457504
66096
177480
7386822
4450600
12166080
131040
104576
6023808
786240
9085440
0
705600
0
42000
4374720
11378304
13679820
4895520
1629600
5125632
2804725
8175650
1504545
4647830
12837627
589372
13193840
363216
977835
6737280
53900
7124480
0
18070712
530816
0
20304768
7280416
0
369408
1427712
0
0
0
793152
1379040
907137
1353024
501228
338256
2129760
8467536
10675728
5058180
242352
7056720
3763098
7788550
8727840
0
575168
4788480
0
8386560
21459816
0
0
0
10615920
23569344
168000
1548155
967575
23451120
221165
14482580
160176
137060
8282340
1977402
67760
556416
627396
358160
2940
1393935
3151808
14331944
5958656
4297920
7614288
503360
2051280
1031264
992784
3215520
2785024
1903616
3727080
4461600
5076540
3354372
111384
4962573
2715444
11290048
331992
2715444
424116
30692718
12067866
4856390
10565280
8372160
26752
4904432
2203200
6289920
2115840
2588760
705024
9580275
1502120
35845044
15949128
1524210
1050510
38500
8535576
5099500
16080768
6628692
3629340
212064
12975312
874368
1599696
2444624
14112
1613304
7508488
30618244
2230296
5348512
12459744
6229504
988312
501696
331760
5853848
506368
858624
272272
3420560
1730560
466004
153816
5245758
1507660
6228992
17959788
783200
332640
206064
13855698
21710920
6557760
138112
28160
94464
3349216
5425056
18585216
2254280
313344
793440
27896715
21612453
2720325
5377680
15127344
20640048
388080
1627500
261800
1075536
1776060
10606464
619248
1115136
446688
1238496
17136
1599696
2830848
26004536
4724676
758784
13407768
2046984
346112
2662848
3995008
854464
482816
2169200
1762332
4407260
738816
1830114
533832
133120
6898122
6876160
11108664
5762988
6153840
3731904
622728
14210784
2623104
18741888
140800
3858624
12139632
7615944
1842048
20907144
1370880
11079648
6149160
7551339
8926200
5088960
12164256
32775
267840
1441500
15746016
198720
1614600
231880
327888
69696
5249664
305118
181152
1982178
4678476
8310728
10969344
5593830
11525976
4188888
2034120
5908194
2908872
971520
1448448
1997504
1330560
14577860
3118225
2249856
1663092
1619712
9936864
1392640
25600
21426363
4289040
7593264
1314648
725040
2146176
196224
1600
685860
1864128
14808780
3639384
1109600
1088640
2609568
2704650
6162587
8798544
407550
17712864
7079400
257400
1185750
9200
967824
4359420
23365056
1786752
66792
382602
2923776
966144
3499776
974592
16621456
40304286
476928
11525976
10253952
192096
4232736
6600672
341504
1920768
43416
1707520
11397236
3864736
2301440
7206732
1077205
6031360
43520
9043392
6785280
6059120
38400
268584
916560
1492992
2036880
7332768
3188160
2036880
4371840
2064480
4266592
18364896
14399748
34728804
37529514
22366074
27552410
24864370
1484440
905760
170496
1481900
5779410
2454270
6310980
217620
206460
206460
112406
7980826
5176752
14361312
23740128
5349888
2563488
1699056
104880
353970
268380
22275540
16229322
16229322
15772158
3040416
5484672
3351744
2331648
8889408
4154832
6547008
136396
199004
87932
113297
5438256
51267216

